3
34
347
3471
34714
347146
3471468
34714683
347146831
3471468316
34714683164
347146831641
3471468316417
34714683164175
347146831647
3471468316471
34714683164713
34714683165
347146836
3471468361
34714683612
34714683614
347146836141
3471468361417
34714683614175
347146836147
3471468361471
34714683614713
347146838
3471468383
34714683835
347146838357
347146838358
3471468383582
3471468383585
3471468385
34714683853
347146838531
347146838538
3471468385382
3471468385385
347147
3471472
34714725
347147256
347147257
3471472574
347147258
3471472583
34714725835
347147258357
3471472585
34714725853
347147258531
3471474
34714741
347147417
3471474174
34714741741
34714741746
34714741747
347147417474
3471474175
34714747
347147471
3471474713
3471474714
34714747141
34714747146
34714747147
347147471474
3471475
34714752
347147521
347147527
3471475274
347147528
3471475283
34714752835
347147528357
3471475285
34714752853
347147528531
34716
347163
3471631
34716316
347163163
3471631636
347163164
3471631641
34716316417
347163164175
3471631647
34716316471
347163164713
347163165
3471636
34716361
347163612
347163613
3471636136
347163614
3471636141
34716361417
347163614175
3471636147
34716361471
347163614713
3471638
34716383
347163835
3471638357
3471638358
34716383582
34716383583
347163835836
34716383585
34716385
347163853
3471638531
3471638538
34716385382
34716385383
347163853836
34716385385
347164
3471642
34716427
347164272
3471642725
34716427256
34716427258
347164272583
3471642725835
34716427258357
347164272585
3471642725853
34716427258531
347164274
3471642741
34716427417
347164274174
3471642741741
3471642741746
347164274175
3471642747
34716427471
347164274713
347164274714
3471642747141
3471642747146
347164275
3471642752
34716427521
34716427528
347164275283
3471642752835
34716427528357
347164275285
3471642752853
34716427528531
3472
34725
347257
3472571
34725714
347257141
3472571416
34725714163
347257141636
3472571416368
34725714163682
347257141638
3472571416386
34725714163864
34725714165
347257146
3472571461
34725714612
34725714613
347257146136
3472571461368
34725714613682
347257146138
3472571461386
34725714613864
347257147
3472571472
34725714724
347257147246
347257147247
3472571472472
3472571472475
3472571474
34725714742
347257147427
3472571474272
3472571474275
347257147428
347258
3472582
34725825
347258256
347258257
3472582572
34725825724
347258257246
3472582574
34725825742
347258257428
347258258
3472582585
3472583
34725836
347258368
3472583682
3472583683
34725836831
34725836836
34725836838
347258368385
34725838
347258386
3472583863
34725838631
34725838636
34725838638
347258386385
3472583864
3472585
34725852
347258521
347258527
3472585272
34725852724
347258527246
3472585274
34725852742
347258527428
347258528
3472585285
34727
347274
3472741
34727416
347274163
3472741636
34727416368
347274163682
3472741638
34727416386
347274163864
347274164
3472741647
347274165
3472746
34727461
347274612
347274613
3472746136
34727461368
347274613682
3472746138
34727461386
347274613864
347274614
3472746147
3472747
34727472
347274724
3472747246
3472747247
34727472472
34727472474
347274724747
34727472475
34727474
347274742
3472747427
34727474272
34727474274
347274742747
34727474275
3472747428
347275
3472753
34727538
347275382
3472753825
34727538256
34727538257
347275382572
3472753825724
34727538257246
347275382574
3472753825742
34727538257428
347275383
3472753836
34727538368
347275383682
347275383683
3472753836831
3472753836836
3472753838
34727538386
347275383863
3472753838631
3472753838636
347275383864
347275385
3472753852
34727538521
34727538527
347275385272
3472753852724
34727538527246
347275385274
3472753852742
34727538527428
35
352
3527
35272
352725
3527256
3527257
35272572
352725725
3527257252
35272572525
352725725257
3527257252571
35272572527
352725725275
3527257252753
3527257253
3527258
35272583
